##FastQC	0.11.5
>>Basic Statistics	pass
#Measure	Value
Filename	A0192658N_1.fq
File type	Conventional base calls
Encoding	Sanger / Illumina 1.9
Total Sequences	1207590
Sequences flagged as poor quality	0
Sequence length	100
%GC	38
>>END_MODULE
>>Per base sequence quality	pass
#Base	Mean	Median	Lower Quartile	Upper Quartile	10th Percentile	90th Percentile
1	30.894695219403935	31.0	31.0	34.0	26.0	34.0
2	31.41136644059656	33.0	31.0	34.0	27.0	34.0
3	31.612357671063855	34.0	31.0	34.0	28.0	34.0
4	35.09509601768812	37.0	35.0	37.0	32.0	37.0
5	34.65970403862238	37.0	35.0	37.0	30.0	37.0
6	34.701061618595716	37.0	35.0	37.0	31.0	37.0
7	34.703392707789895	37.0	35.0	37.0	31.0	37.0
8	34.67061751091016	37.0	35.0	37.0	31.0	37.0
9	36.28765392227494	39.0	37.0	39.0	31.0	39.0
10-11	36.293875818779554	39.0	37.0	39.0	31.0	39.0
12-13	36.26166248478374	39.0	37.0	39.0	31.0	39.0
14-15	37.490009440290166	40.0	38.0	41.0	31.0	41.0
16-17	37.44093069667685	40.0	38.0	41.0	31.0	41.0
18-19	37.36247691683435	40.0	37.5	41.0	31.0	41.0
20-21	37.35514620028321	40.0	37.0	41.0	31.0	41.0
22-23	37.26778500981293	40.0	37.0	41.0	30.0	41.0
24-25	37.17169817570533	40.0	37.0	41.0	30.0	41.0
26-27	37.04748714381537	40.0	37.0	41.0	30.0	41.0
28-29	36.91934265769011	40.0	37.0	41.0	30.0	41.0
30-31	36.810449324688015	40.0	36.5	41.0	29.5	41.0
32-33	36.68011493967323	40.0	36.0	41.0	29.0	41.0
34-35	36.54577091562534	40.0	36.0	41.0	28.5	41.0
36-37	36.41867272832667	39.0	36.0	41.0	28.0	41.0
38-39	36.34125655230666	39.0	35.0	41.0	28.0	41.0
40-41	36.21540257868979	39.0	35.0	41.0	27.5	41.0
42-43	36.1153913993988	39.0	35.0	41.0	27.0	41.0
44-45	36.06682690317078	39.0	35.0	41.0	27.0	41.0
46-47	36.01134780844492	39.0	35.0	41.0	27.0	41.0
48-49	35.9754154969816	39.0	35.0	41.0	27.0	41.0
50-51	35.89500368502554	39.0	35.0	41.0	27.0	41.0
52-53	35.728163946372526	39.0	35.0	40.5	26.5	41.0
54-55	35.55034780016396	38.5	34.0	40.0	26.0	41.0
56-57	35.31925115312316	38.0	34.0	40.0	26.0	41.0
58-59	35.06050439304731	38.0	34.0	40.0	26.0	41.0
60-61	34.79980456943168	37.0	34.0	40.0	26.0	41.0
62-63	34.49917935723217	37.0	33.0	40.0	25.5	41.0
64-65	34.19983727920901	36.0	33.0	39.0	25.0	41.0
66-67	33.90288839755215	36.0	33.0	39.0	25.0	41.0
68-69	33.562807741037936	35.0	32.5	39.0	24.0	40.0
70-71	33.25242797638271	35.0	32.0	38.0	24.0	40.0
72-73	32.889420250250495	35.0	32.0	37.0	23.5	39.5
74-75	32.584074478920826	35.0	32.0	36.5	23.0	39.0
76-77	31.212459112778344	33.5	30.0	35.0	22.0	37.5
78-79	32.323180880928135	35.0	32.0	36.0	24.0	37.5
80-81	32.36335966677432	35.0	32.0	35.5	24.0	37.0
82-83	32.196819284690996	35.0	32.0	35.0	24.0	37.0
84-85	32.0282678723739	35.0	32.0	35.0	24.0	36.0
86-87	31.86958777399614	35.0	32.0	35.0	24.0	36.0
88-89	31.71215230334799	35.0	32.0	35.0	24.0	36.0
90-91	31.5928771354516	35.0	32.0	35.0	23.0	35.5
92-93	31.464433706804463	34.5	31.5	35.0	23.0	35.0
94-95	31.36245580039583	34.0	31.0	35.0	23.0	35.0
96-97	31.27130234599492	34.0	31.0	35.0	23.0	35.0
98-99	31.181141778252552	34.0	31.0	35.0	22.5	35.0
100	31.12541342674252	34.0	31.0	35.0	21.0	35.0
>>END_MODULE
>>Per sequence quality scores	pass
#Quality	Count
30	29.0
31	931.0
32	21781.0
33	214229.0
34	619636.0
35	334057.0
36	16921.0
37	6.0
>>END_MODULE
>>Per base sequence content	pass
#Base	G	A	T	C
1	19.154431553755828	30.781805082850966	30.90527414105781	19.158489222335394
2	19.122632681622072	30.812444621104845	30.85591964160021	19.20900305567287
3	19.187638188458003	30.78462060798781	30.85989450061693	19.167846702937254
4	19.165528035177502	30.768803981483785	30.925396864829953	19.140271118508764
5	19.163623415231992	30.838446823839217	30.76002616782186	19.23790359310693
6	19.16743265512301	30.83140801099711	30.82776439023178	19.17339494364809
7	19.12967149446418	30.80424647438286	30.80432928394571	19.261752747207247
8	19.143169453208454	30.910325524391556	30.813935193236112	19.132569829163874
9	19.156087745012794	30.86428340744789	30.84225606373024	19.137372783809074
10-11	19.185071092009707	30.819483433946953	30.81227900197915	19.183166472064194
12-13	19.20892024611002	30.81704055184293	30.796669399382242	19.177369802664813
14-15	19.139939880257373	30.85070263914077	30.847597280533957	19.161760200067903
16-17	19.195505096928596	30.822216149520948	30.822216149520948	19.160062604029513
18-19	19.2333904719317	30.774600650883166	30.830621320150055	19.161387557035088
20-21	19.171407514139734	30.7470664712361	30.85591964160021	19.225606373023957
22-23	19.19596054952426	30.79687642328936	30.814432050613206	19.192730976573174
24-25	19.16623191646171	30.818531123974196	30.839813181626212	19.175423777937876
26-27	19.196333192557077	30.806482332579765	30.81132669200639	19.185857782856765
28-29	19.198817479442525	30.770460172740748	30.841386563320334	19.189335784496393
30-31	19.163457796106297	30.806730761268312	30.844036469331478	19.185774973293913
32-33	19.159648556215274	30.810540001159332	30.848508185725287	19.181303256900108
34-35	19.187058521518065	30.783088631075117	30.826853485040452	19.202999362366366
36-37	19.216248892422097	30.73882691973269	30.851613544332103	19.19331064351311
38-39	19.1668943929645	30.821346649111035	30.819317814821257	19.192441143103206
40-41	19.225813396931077	30.787477537906078	30.821719292143857	19.164989773018988
42-43	19.17178015717255	30.78847125266026	30.795634279846634	19.244114310320555
44-45	19.18772099802085	30.747604733394613	30.864780264824983	19.199894003759553
46-47	19.220099537094544	30.767064980663967	30.8048261413228	19.20800934091869
48-49	19.201053337639433	30.77845129555561	30.806896380394004	19.21359898641095
50-51	19.157661126706913	30.814556264957478	30.822630197335187	19.205152411000423
52-53	19.18432580594407	30.79447494596676	30.786856466184716	19.234342781904452
54-55	19.24237530950074	30.741352611399563	30.805737046514132	19.21053503258556
56-57	19.146978693099477	30.770832815773563	30.8476800900968	19.23450840103015
58-59	19.19119899966048	30.815508574930234	30.82722612807327	19.166066297336016
60-61	19.171821561953976	30.814059407580384	30.79965054364478	19.214468486820856
62-63	19.19906590813107	30.771660911402048	30.81637807534014	19.21289510512674
64-65	19.238152021795475	30.80681357083116	30.73899253885839	19.216041868514978
66-67	19.207885126574418	30.744375160443525	30.849957353075137	19.197782359906924
68-69	19.21347477206668	30.728310105250955	30.805405808262737	19.25280931441963
70-71	19.200225242010948	30.77683650908007	30.781515249381	19.241422999527984
72-73	19.20540083968897	30.773689745691833	30.81463907452033	19.206270340098875
74-75	19.23152725676761	30.786732251840444	30.761102692138888	19.22063779925306
76-77	19.270240727399198	30.735348918093063	30.739158157984086	19.255252196523653
78-79	19.17397461058803	30.76209640689307	30.829669010177298	19.234259972341604
80-81	19.198113598158315	30.824700436406395	30.736880895005754	19.240305070429535
82-83	19.20482117274903	30.757169237903593	30.795303041595247	19.242706547752135
84-85	19.247716526304455	30.78681506140329	30.742884588312258	19.222583823979996
86-87	19.220099537094544	30.773399912221866	30.779776248561184	19.22672430212241
88-89	19.24577050157752	30.78863687178595	30.724211031889965	19.241381594746564
90-91	19.223494729171325	30.787974395283168	30.71183100224414	19.27669987330137
92-93	19.222418204854296	30.76023319172898	30.785490108397717	19.231858495019004
94-95	19.239725403489594	30.712907526561168	30.798201376294937	19.2491656936543
96-97	19.21637310676637	30.74926092465158	30.7743108174132	19.260055151168856
98-99	19.26974387002211	30.725825818365504	30.80163797315314	19.202792338459247
100	19.229042969882162	30.73153967820204	30.79298437383549	19.246432978080307
>>END_MODULE
>>Per sequence GC content	pass
#GC Content	Count
0	0.0
1	1.0
2	2.0
3	3.0
4	4.5
5	5.5
6	9.5
7	10.5
8	13.0
9	23.5
10	33.5
11	43.5
12	62.5
13	84.0
14	109.0
15	169.5
16	251.0
17	366.5
18	559.0
19	847.5
20	1306.0
21	1838.0
22	2524.0
23	3419.5
24	4720.5
25	6565.0
26	9093.5
27	12317.0
28	16262.5
29	21021.5
30	26554.5
31	33370.0
32	41157.5
33	48884.0
34	56416.5
35	64114.5
36	70722.0
37	75339.0
38	78226.5
39	78389.5
40	76343.5
41	72461.0
42	67029.0
43	61101.5
44	53875.5
45	45892.0
46	38472.0
47	31721.5
48	25512.0
49	20208.0
50	15705.5
51	11986.5
52	9079.0
53	6573.5
54	4704.5
55	3466.0
56	2516.0
57	1790.5
58	1286.5
59	911.5
60	629.0
61	434.5
62	306.0
63	226.5
64	162.0
65	119.0
66	94.5
67	58.5
68	32.5
69	17.0
70	10.5
71	12.0
72	7.5
73	1.5
74	1.0
75	1.0
76	1.0
77	0.5
78	0.0
79	0.0
80	0.0
81	0.0
82	0.0
83	0.0
84	0.0
85	0.0
86	0.0
87	0.0
88	0.0
89	0.0
90	0.0
91	0.0
92	0.0
93	0.0
94	0.0
95	0.0
96	0.0
97	0.0
98	0.0
99	0.0
100	0.0
>>END_MODULE
>>Per base N content	pass
#Base	N-Count
1	0.0
2	0.0
3	0.0
4	0.0
5	0.0
6	0.0
7	0.0
8	0.0
9	0.0
10-11	0.0
12-13	0.0
14-15	0.0
16-17	0.0
18-19	0.0
20-21	0.0
22-23	0.0
24-25	0.0
26-27	0.0
28-29	0.0
30-31	0.0
32-33	0.0
34-35	0.0
36-37	0.0
38-39	0.0
40-41	0.0
42-43	0.0
44-45	0.0
46-47	0.0
48-49	0.0
50-51	0.0
52-53	0.0
54-55	0.0
56-57	0.0
58-59	0.0
60-61	0.0
62-63	0.0
64-65	0.0
66-67	0.0
68-69	0.0
70-71	0.0
72-73	0.0
74-75	0.0
76-77	0.0
78-79	0.0
80-81	0.0
82-83	0.0
84-85	0.0
86-87	0.0
88-89	0.0
90-91	0.0
92-93	0.0
94-95	0.0
96-97	0.0
98-99	0.0
100	0.0
>>END_MODULE
>>Sequence Length Distribution	pass
#Length	Count
100	1207590.0
>>END_MODULE
>>Sequence Duplication Levels	pass
#Total Deduplicated Percentage	98.61964438779414
#Duplication Level	Percentage of deduplicated	Percentage of total
1	98.75433258882384	97.39117161663756
2	1.1300059107493916	2.228815621484209
3	0.08674643832743315	0.2566470869927752
4	0.021842117341380165	0.08616247379533534
5	0.005269836282563171	0.025985469008413746
6	0.0012470153287927953	0.0073788124963004185
7	5.560931465887592E-4	0.0038389195854151028
8	0.0	0.0
9	0.0	0.0
>10	0.0	0.0
>50	0.0	0.0
>100	0.0	0.0
>500	0.0	0.0
>1k	0.0	0.0
>5k	0.0	0.0
>10k+	0.0	0.0
>>END_MODULE
>>Overrepresented sequences	pass
>>END_MODULE
>>Adapter Content	pass
#Position	Illumina Universal Adapter	Illumina Small RNA 3' Adapter	Illumina Small RNA 5' Adapter	Nextera Transposase Sequence	SOLID Small RNA Adapter
1	0.0	0.0	0.0	0.0	0.0
2	0.0	0.0	0.0	0.0	0.0
3	0.0	0.0	0.0	0.0	0.0
4	0.0	0.0	0.0	0.0	0.0
5	0.0	0.0	0.0	0.0	0.0
6	0.0	0.0	0.0	0.0	0.0
7	0.0	0.0	0.0	0.0	0.0
8	0.0	0.0	0.0	0.0	0.0
9	0.0	0.0	0.0	0.0	0.0
10-11	0.0	0.0	0.0	0.0	0.0
12-13	0.0	0.0	0.0	0.0	0.0
14-15	0.0	0.0	0.0	4.1404781424158865E-5	0.0
16-17	8.280956284831773E-5	0.0	0.0	8.280956284831773E-5	0.0
18-19	8.280956284831773E-5	0.0	0.0	8.280956284831773E-5	0.0
20-21	8.280956284831773E-5	0.0	0.0	8.280956284831773E-5	0.0
22-23	8.280956284831773E-5	0.0	0.0	8.280956284831773E-5	0.0
24-25	8.280956284831773E-5	0.0	0.0	8.280956284831773E-5	0.0
26-27	8.280956284831773E-5	0.0	0.0	8.280956284831773E-5	0.0
28-29	8.280956284831773E-5	0.0	0.0	8.280956284831773E-5	0.0
30-31	8.280956284831773E-5	0.0	0.0	8.280956284831773E-5	0.0
32-33	8.280956284831773E-5	0.0	0.0	8.280956284831773E-5	0.0
34-35	8.280956284831773E-5	0.0	0.0	8.280956284831773E-5	0.0
36-37	8.280956284831773E-5	0.0	0.0	8.280956284831773E-5	0.0
38-39	8.280956284831773E-5	0.0	0.0	8.280956284831773E-5	0.0
40-41	8.280956284831773E-5	0.0	0.0	8.280956284831773E-5	0.0
42-43	8.280956284831773E-5	0.0	0.0	8.280956284831773E-5	0.0
44-45	8.280956284831773E-5	0.0	0.0	8.280956284831773E-5	0.0
46-47	8.280956284831773E-5	0.0	0.0	8.280956284831773E-5	0.0
48-49	8.280956284831773E-5	0.0	0.0	8.280956284831773E-5	0.0
50-51	8.280956284831773E-5	0.0	0.0	8.280956284831773E-5	0.0
52-53	8.280956284831773E-5	0.0	0.0	8.280956284831773E-5	0.0
54-55	8.280956284831773E-5	0.0	0.0	8.280956284831773E-5	0.0
56-57	1.6561912569663546E-4	0.0	0.0	8.280956284831773E-5	0.0
58-59	1.6561912569663546E-4	0.0	0.0	8.280956284831773E-5	0.0
60-61	1.6561912569663546E-4	0.0	0.0	8.280956284831773E-5	0.0
62-63	1.6561912569663546E-4	0.0	0.0	8.280956284831773E-5	0.0
64-65	1.6561912569663546E-4	0.0	0.0	8.280956284831773E-5	0.0
66-67	1.6561912569663546E-4	0.0	0.0	8.280956284831773E-5	0.0
68-69	1.6561912569663546E-4	0.0	0.0	8.280956284831773E-5	0.0
70-71	1.6561912569663546E-4	0.0	0.0	8.280956284831773E-5	0.0
72-73	2.484286885449532E-4	0.0	0.0	8.280956284831773E-5	0.0
74-75	3.312382513932709E-4	0.0	0.0	8.280956284831773E-5	0.0
76-77	3.312382513932709E-4	0.0	0.0	8.280956284831773E-5	0.0
78-79	3.312382513932709E-4	0.0	0.0	8.280956284831773E-5	0.0
80-81	3.312382513932709E-4	0.0	0.0	8.280956284831773E-5	0.0
82-83	3.7264303281742974E-4	0.0	0.0	8.280956284831773E-5	0.0
84-85	4.140478142415886E-4	0.0	0.0	8.280956284831773E-5	0.0
86-87	4.140478142415886E-4	0.0	0.0	8.280956284831773E-5	0.0
88	4.140478142415886E-4	0.0	0.0	8.280956284831773E-5	0.0
>>END_MODULE
>>Kmer Content	warn
#Sequence	Count	PValue	Obs/Exp Max	Max Obs/Exp Position
AGTACAG	505	0.0075292	5.584159	60-61
>>END_MODULE
