##FastQC	0.11.5
>>Basic Statistics	pass
#Measure	Value
Filename	A0192658N_2.fq
File type	Conventional base calls
Encoding	Sanger / Illumina 1.9
Total Sequences	1207590
Sequences flagged as poor quality	0
Sequence length	100
%GC	38
>>END_MODULE
>>Per base sequence quality	pass
#Base	Mean	Median	Lower Quartile	Upper Quartile	10th Percentile	90th Percentile
1	30.468867744847174	31.0	31.0	34.0	25.0	34.0
2	30.821529658244934	33.0	31.0	34.0	26.0	34.0
3	30.965981003486284	33.0	31.0	34.0	27.0	34.0
4	34.398506115486214	37.0	35.0	37.0	30.0	37.0
5	34.436920643595926	37.0	35.0	37.0	30.0	37.0
6	34.425401005308096	37.0	35.0	37.0	30.0	37.0
7	34.42757310014161	37.0	35.0	37.0	30.0	37.0
8	34.43546153909853	37.0	35.0	37.0	30.0	37.0
9	35.94126152088043	39.0	37.0	39.0	30.0	39.0
10-11	35.940878112604445	39.0	37.0	39.0	30.0	39.0
12-13	35.882557821777255	39.0	37.0	39.0	30.0	39.0
14-15	37.02682118931094	40.0	37.0	41.0	30.0	41.0
16-17	36.946230508699145	40.0	37.0	41.0	30.0	41.0
18-19	36.92192383176409	40.0	37.0	41.0	30.0	41.0
20-21	36.87091314104953	40.0	37.0	41.0	30.0	41.0
22-23	36.765224952177476	40.0	37.0	41.0	29.5	41.0
24-25	36.65620740483111	40.0	36.5	41.0	29.0	41.0
26-27	36.527294445962625	40.0	36.0	41.0	27.5	41.0
28-29	36.379972093177315	39.0	36.0	41.0	27.0	41.0
30-31	36.226576487052725	39.0	36.0	41.0	27.0	41.0
32-33	36.065138830232115	39.0	35.5	41.0	26.5	41.0
34-35	35.91494671204631	39.0	35.0	41.0	26.0	41.0
36-37	35.751426808767874	39.0	35.0	40.0	25.0	41.0
38-39	35.58982394686939	39.0	35.0	40.0	25.0	41.0
40-41	35.41004314378225	38.5	34.5	40.0	25.0	41.0
42-43	35.241854851398244	38.0	34.0	40.0	24.0	41.0
44-45	35.091015990526586	38.0	34.0	40.0	24.0	41.0
46-47	35.030513253670534	38.0	34.0	40.0	24.0	41.0
48-49	35.105968085194476	38.0	34.0	40.0	24.0	41.0
50-51	34.30239485255757	37.5	33.0	39.5	23.5	40.5
52-53	34.82189898889524	38.0	33.5	39.5	24.5	40.5
54-55	35.41527753624989	39.0	34.5	40.0	26.0	41.0
56-57	35.39747720666783	38.5	34.5	40.0	26.0	41.0
58-59	35.19435197376593	38.0	34.0	40.0	26.0	41.0
60-61	34.91652423421857	37.5	34.0	40.0	25.5	41.0
62-63	34.65090303828286	37.0	34.0	40.0	25.0	41.0
64-65	34.33885673117531	36.5	34.0	39.5	24.5	41.0
66-67	34.021211669523595	36.0	33.0	39.0	24.0	41.0
68-69	33.679763827126756	35.5	33.0	39.0	23.0	41.0
70-71	33.34330484684371	35.0	33.0	38.5	23.0	40.0
72-73	33.00490191207281	35.0	32.0	37.0	23.0	39.5
74-75	32.68915940012753	35.0	32.0	37.0	22.5	39.0
76-77	32.34203910267557	35.0	32.0	36.5	22.0	39.0
78-79	32.04912553101632	35.0	32.0	36.0	21.5	38.5
80-81	31.77975844450517	35.0	31.0	35.5	20.5	37.0
82-83	31.524562972532067	35.0	31.0	35.0	20.0	37.0
84-85	31.302256560587615	35.0	31.0	35.0	20.0	36.0
86-87	31.110100696428425	34.5	31.0	35.0	20.0	36.0
88-89	30.93119519042059	34.0	31.0	35.0	19.5	36.0
90-91	30.78835159284194	34.0	31.0	35.0	19.0	35.0
92-93	30.643795079455778	34.0	30.0	35.0	19.0	35.0
94-95	30.527601255392973	34.0	30.0	35.0	18.5	35.0
96-97	30.39889407828816	34.0	30.0	35.0	18.0	35.0
98-99	30.297127750312605	34.0	30.0	35.0	18.0	35.0
100	30.20177957750561	34.0	30.0	35.0	18.0	35.0
>>END_MODULE
>>Per sequence quality scores	pass
#Quality	Count
29	4.0
30	343.0
31	7376.0
32	86895.0
33	407163.0
34	556047.0
35	146095.0
36	3667.0
>>END_MODULE
>>Per base sequence content	pass
#Base	G	A	T	C
1	19.173229324522396	30.783875321922178	30.79646237547512	19.246432978080307
2	19.175547992282148	30.750337448968608	30.9129754304027	19.16113912834654
3	19.17496832534221	30.832732964002684	30.856830546791542	19.135468163863564
4	19.172898086271005	30.820228720012587	30.84523720799278	19.16163598572363
5	19.08437466358615	30.82047714870113	30.804743331759955	19.290404855952765
6	19.15186445730753	30.882004653897432	30.81824129050423	19.14788959829081
7	19.232603781084638	30.808304142962427	30.689389610712247	19.269702465240687
8	19.162298462226417	30.774766270008865	30.84142796810176	19.221507299662967
9	19.207595293104447	30.85269006864913	30.803501188317227	19.136213449929198
10-11	19.20701562616451	30.752863140635476	30.830372891461504	19.209748341738504
12-13	19.24933131278	30.733899750743216	30.803169950065833	19.21359898641095
14-15	19.175216754030757	30.838115585587822	30.768762576702358	19.217905083679064
16-17	19.22544075389826	30.793522635994	30.765574408532697	19.215462201575036
18-19	19.17178015717255	30.778202866867066	30.828882319330237	19.22113465663015
20-21	19.20792653135584	30.724459460578508	30.816295265777292	19.25131874228836
22-23	19.186064806763888	30.831283796652837	30.75969492957047	19.22295646701281
24-25	19.179191613047475	30.793936683808248	30.826480842007637	19.200390861136643
26-27	19.201301766327976	30.7924875164584	30.81261024023054	19.193600476983082
28-29	19.22245960963572	30.79000322957295	30.78130822547388	19.20622893531745
30-31	19.16726703599732	30.820187315231163	30.77936220074694	19.233183448024576
32-33	19.186147616326735	30.778699724244156	30.82424498381073	19.21090767561838
34-35	19.225564968242534	30.781059796785332	30.769300838860868	19.224074396111263
36-37	19.213143533815284	30.77903096249555	30.781142606348183	19.226682897340986
38-39	19.21798789324191	30.787767371376045	30.738164443229905	19.256080292152138
40-41	19.245108025074735	30.76168235907883	30.739572205798325	19.253637410048114
42-43	19.23690987835275	30.78772596659462	30.76491193202991	19.210452223022713
44-45	19.25947548422892	30.795510065502363	30.703011783800793	19.242002666467926
46-47	19.251691385321177	30.76768605238533	30.727896057436716	19.25272650485678
48-49	19.21819491714903	30.796255351567996	30.71750345729925	19.268046273983717
50-51	19.20304076714779	30.784951846239206	30.762593264270162	19.24941412234285
52-53	19.19707847862271	30.780852772878216	30.77683650908007	19.245232239419007
54-55	19.22999527985492	30.77907236727697	30.796172542005152	19.19475981086296
56-57	19.23028511332489	30.820187315231163	30.722099388037332	19.22742818340662
58-59	19.2063117448803	30.814266431487507	30.75986054869616	19.21956127493603
60-61	19.23471542493727	30.823375483400824	30.69551751836302	19.246391573298887
62-63	19.285767520433257	30.78056293940824	30.692909017133296	19.240760523025198
64-65	19.228918755537887	30.75344280757542	30.783130035856544	19.23450840103015
66-67	19.226310254308167	30.738785514951267	30.765450194188425	19.26945403655214
68-69	19.210038175208474	30.75199364022557	30.75704502355932	19.280923161006633
70-71	19.261048865923037	30.74189087355808	30.755181808395232	19.24187845212365
72-73	19.255790458682167	30.76847274323239	30.690466135029272	19.28527066305617
74-75	19.26357455758991	30.75017182984291	30.724211031889965	19.262042580677218
76-77	19.24920709843573	30.711499763992745	30.77932079596552	19.25997234160601
78-79	19.261048865923037	30.78462060798781	30.708104571915968	19.246225954173187
80-81	19.23368030540167	30.788429847878835	30.754063879296783	19.223825967422716
82-83	19.266721320978146	30.74251194527944	30.719325267681914	19.2714414660605
84-85	19.272807823847497	30.74230492137232	30.703839879429278	19.281047375350905
86-87	19.27889432671685	30.730297534759316	30.697090900057137	19.293717238466698
88-89	19.251898409228296	30.758204357439194	30.693364469728962	19.29653276360354
90-91	19.28936973641716	30.713984050878196	30.727689033529593	19.26895717917505
92-93	19.284359757864838	30.691956707160546	30.73025612997789	19.29342740499673
94-95	19.26875015526793	30.75162099719276	30.709760763172934	19.269868084366383
96-97	19.28655421128032	30.7321607499234	30.74710787601752	19.234177162778757
98-99	19.322493561556488	30.720940054157452	30.6732003411754	19.283366043110657
100	19.301666956500135	30.706613999784693	30.74735630470607	19.2443627390091
>>END_MODULE
>>Per sequence GC content	pass
#GC Content	Count
0	2.0
1	1.5
2	1.0
3	1.0
4	3.0
5	7.0
6	7.0
7	11.5
8	14.0
9	16.5
10	27.5
11	46.5
12	62.0
13	73.5
14	109.0
15	171.0
16	245.5
17	345.0
18	546.0
19	837.0
20	1229.0
21	1766.0
22	2483.0
23	3410.5
24	4691.5
25	6470.5
26	8857.0
27	12012.5
28	15907.0
29	20504.5
30	26144.0
31	32808.5
32	40236.0
33	48253.0
34	56139.5
35	63751.5
36	70319.0
37	75297.0
38	78415.5
39	78814.0
40	76839.0
41	73322.0
42	67985.5
43	61488.5
44	54091.0
45	46137.0
46	38819.0
47	31872.0
48	25618.0
49	20289.0
50	15793.5
51	12171.0
52	9192.0
53	6753.5
54	4843.5
55	3504.0
56	2574.5
57	1778.5
58	1271.5
59	942.0
60	676.0
61	479.5
62	338.0
63	258.5
64	183.5
65	116.0
66	82.5
67	57.5
68	32.0
69	14.5
70	10.0
71	8.5
72	6.5
73	4.0
74	1.5
75	0.5
76	0.0
77	0.0
78	0.0
79	0.0
80	0.0
81	0.0
82	0.0
83	0.0
84	0.0
85	0.0
86	0.0
87	0.0
88	0.0
89	0.0
90	0.0
91	0.0
92	0.0
93	0.0
94	0.0
95	0.0
96	0.0
97	0.0
98	0.0
99	0.0
100	0.0
>>END_MODULE
>>Per base N content	pass
#Base	N-Count
1	0.0
2	0.0
3	0.0
4	0.0
5	0.0
6	0.0
7	0.0
8	0.0
9	0.0
10-11	0.0
12-13	0.0
14-15	0.0
16-17	0.0
18-19	0.0
20-21	0.0
22-23	0.0
24-25	0.0
26-27	0.0
28-29	0.0
30-31	0.0
32-33	0.0
34-35	0.0
36-37	0.0
38-39	0.0
40-41	0.0
42-43	0.0
44-45	0.0
46-47	0.0
48-49	0.0
50-51	0.0
52-53	0.0
54-55	0.0
56-57	0.0
58-59	0.0
60-61	0.0
62-63	0.0
64-65	0.0
66-67	0.0
68-69	0.0
70-71	0.0
72-73	0.0
74-75	0.0
76-77	0.0
78-79	0.0
80-81	0.0
82-83	0.0
84-85	0.0
86-87	0.0
88-89	0.0
90-91	0.0
92-93	0.0
94-95	0.0
96-97	0.0
98-99	0.0
100	0.0
>>END_MODULE
>>Sequence Length Distribution	pass
#Length	Count
100	1207590.0
>>END_MODULE
>>Sequence Duplication Levels	pass
#Total Deduplicated Percentage	99.06088233543827
#Duplication Level	Percentage of deduplicated	Percentage of total
1	99.14015715262614	98.20911442413157
2	0.7936728605018085	1.5724386769400074
3	0.05123341842275341	0.1522568290205595
4	0.009726727128204472	0.03854152686223914
5	0.004052785257427266	0.020073624175840066
6	6.204375857618275E-4	0.003687665680778147
7	3.6884266951792274E-4	0.002557651619978272
8	1.677758083800023E-4	0.0013296015690131557
9	0.0	0.0
>10	0.0	0.0
>50	0.0	0.0
>100	0.0	0.0
>500	0.0	0.0
>1k	0.0	0.0
>5k	0.0	0.0
>10k+	0.0	0.0
>>END_MODULE
>>Overrepresented sequences	pass
>>END_MODULE
>>Adapter Content	pass
#Position	Illumina Universal Adapter	Illumina Small RNA 3' Adapter	Illumina Small RNA 5' Adapter	Nextera Transposase Sequence	SOLID Small RNA Adapter
1	0.0	0.0	0.0	0.0	0.0
2	8.280956284831773E-5	0.0	0.0	0.0	0.0
3	8.280956284831773E-5	0.0	0.0	0.0	0.0
4	1.6561912569663546E-4	0.0	0.0	0.0	0.0
5	1.6561912569663546E-4	0.0	0.0	0.0	0.0
6	1.6561912569663546E-4	0.0	0.0	0.0	0.0
7	2.484286885449532E-4	0.0	0.0	0.0	0.0
8	2.484286885449532E-4	0.0	0.0	0.0	0.0
9	2.484286885449532E-4	0.0	0.0	0.0	0.0
10-11	2.484286885449532E-4	0.0	0.0	0.0	0.0
12-13	2.484286885449532E-4	0.0	0.0	0.0	0.0
14-15	2.484286885449532E-4	4.1404781424158865E-5	0.0	0.0	0.0
16-17	2.484286885449532E-4	8.280956284831773E-5	0.0	0.0	0.0
18-19	3.7264303281742974E-4	8.280956284831773E-5	0.0	0.0	0.0
20-21	4.140478142415886E-4	8.280956284831773E-5	0.0	0.0	0.0
22-23	4.140478142415886E-4	8.280956284831773E-5	0.0	0.0	0.0
24-25	4.968573770899064E-4	8.280956284831773E-5	0.0	8.280956284831773E-5	0.0
26-27	4.968573770899064E-4	8.280956284831773E-5	0.0	8.280956284831773E-5	0.0
28-29	4.968573770899064E-4	8.280956284831773E-5	0.0	1.242143442724766E-4	0.0
30-31	4.968573770899064E-4	8.280956284831773E-5	0.0	1.6561912569663546E-4	0.0
32-33	4.968573770899064E-4	8.280956284831773E-5	0.0	1.6561912569663546E-4	0.0
34-35	4.968573770899064E-4	8.280956284831773E-5	0.0	1.6561912569663546E-4	0.0
36-37	4.968573770899064E-4	8.280956284831773E-5	0.0	1.6561912569663546E-4	0.0
38-39	4.968573770899064E-4	8.280956284831773E-5	0.0	1.6561912569663546E-4	0.0
40-41	4.968573770899064E-4	8.280956284831773E-5	0.0	1.6561912569663546E-4	0.0
42-43	4.968573770899064E-4	8.280956284831773E-5	0.0	1.6561912569663546E-4	0.0
44-45	4.968573770899064E-4	8.280956284831773E-5	0.0	1.6561912569663546E-4	0.0
46-47	4.968573770899064E-4	8.280956284831773E-5	0.0	1.6561912569663546E-4	0.0
48-49	5.382621585140652E-4	1.242143442724766E-4	0.0	1.6561912569663546E-4	0.0
50-51	5.796669399382241E-4	1.6561912569663546E-4	0.0	1.6561912569663546E-4	0.0
52-53	5.796669399382241E-4	1.6561912569663546E-4	0.0	1.6561912569663546E-4	0.0
54-55	5.796669399382241E-4	1.6561912569663546E-4	0.0	1.6561912569663546E-4	0.0
56-57	5.796669399382241E-4	1.6561912569663546E-4	0.0	1.6561912569663546E-4	0.0
58-59	5.796669399382241E-4	1.6561912569663546E-4	0.0	1.6561912569663546E-4	0.0
60-61	5.796669399382241E-4	1.6561912569663546E-4	0.0	1.6561912569663546E-4	0.0
62-63	5.796669399382241E-4	1.6561912569663546E-4	0.0	1.6561912569663546E-4	0.0
64-65	5.796669399382241E-4	1.6561912569663546E-4	0.0	1.6561912569663546E-4	0.0
66-67	5.796669399382241E-4	1.6561912569663546E-4	0.0	1.6561912569663546E-4	0.0
68-69	5.796669399382241E-4	1.6561912569663546E-4	0.0	1.6561912569663546E-4	0.0
70-71	5.796669399382241E-4	1.6561912569663546E-4	0.0	1.6561912569663546E-4	0.0
72-73	5.796669399382241E-4	1.6561912569663546E-4	0.0	1.6561912569663546E-4	0.0
74-75	6.624765027865418E-4	1.6561912569663546E-4	0.0	1.6561912569663546E-4	0.0
76-77	6.624765027865418E-4	1.6561912569663546E-4	0.0	1.6561912569663546E-4	0.0
78-79	6.624765027865418E-4	1.6561912569663546E-4	0.0	1.6561912569663546E-4	0.0
80-81	6.624765027865418E-4	1.6561912569663546E-4	0.0	2.484286885449532E-4	0.0
82-83	6.624765027865418E-4	1.6561912569663546E-4	0.0	2.484286885449532E-4	0.0
84-85	6.624765027865418E-4	1.6561912569663546E-4	0.0	2.484286885449532E-4	0.0
86-87	6.624765027865418E-4	1.6561912569663546E-4	0.0	2.484286885449532E-4	0.0
88	6.624765027865418E-4	1.6561912569663546E-4	0.0	2.484286885449532E-4	0.0
>>END_MODULE
>>Kmer Content	warn
#Sequence	Count	PValue	Obs/Exp Max	Max Obs/Exp Position
CTCCCGA	140	2.4986677E-4	13.428572	32-33
GCCAGAT	520	0.0016220806	5.875	14-15
>>END_MODULE
